File Size 	 Bytes Read
0 	 307
1 	 10
2 	 49
3 	 6
4 	 4
6 	 140
7 	 4
8 	 32
9 	 11
11 	 120
12 	 232
16 	 6
24 	 16
28 	 2
32 	 14
40 	 2
54 	 2
81 	 10
92 	 4
101 	 2
128 	 22
134 	 10
172 	 6
189 	 2
237 	 34
239 	 2
307 	 2
330 	 2
337 	 2
366 	 9
401 	 4
435 	 2
439 	 2
443 	 38
445 	 1
446 	 1
522 	 1
529 	 6
594 	 9
652 	 2
736 	 2
751 	 2
755 	 4
832 	 174
950 	 1
958 	 4
1024 	 348
1029 	 4
1139 	 2
1142 	 1
1169 	 1
1221 	 2
1234 	 1
1249 	 1
1414 	 1
1423 	 1
1431 	 4
1739 	 1
1756 	 4
1847 	 1
1925 	 2
1949 	 2
1970 	 1
2035 	 2
2036 	 1
2037 	 2
2040 	 1
2210 	 14
2271 	 4
2313 	 1
2394 	 2
2417 	 4
2504 	 1
2643 	 2
2717 	 2
2719 	 7
2723 	 4
2762 	 2
2859 	 1
2995 	 6
3120 	 4
3241 	 1
3375 	 1
3417 	 2
3461 	 2
3527 	 2
3585 	 1
3610 	 2
3658 	 2
3882 	 4
3885 	 2
3890 	 1
3915 	 1
3970 	 1
4058 	 1
4062 	 2
4096 	 103
4169 	 1
4200 	 2
4277 	 1
4301 	 2
4394 	 1
4486 	 1
4538 	 1
4539 	 1
4544 	 2
4550 	 2
4628 	 1
4790 	 2
4817 	 1
4865 	 1
4892 	 1
4949 	 1
4951 	 1
5437 	 1
5926 	 2
5944 	 2
6130 	 2
6163 	 1
6313 	 1
6709 	 1
6778 	 1
6943 	 1
7117 	 2
7119 	 2
7141 	 1
7242 	 1
7272 	 1
7588 	 1
7670 	 1
7777 	 1
7819 	 1
8192 	 198
8318 	 1
8595 	 2
8627 	 2
8725 	 2
8761 	 2
9625 	 2
10900 	 2
10905 	 4
11144 	 2
11436 	 2
11437 	 2
11701 	 2
12661 	 1
13097 	 2
14437 	 4
14792 	 2
15027 	 2
16102 	 2
16384 	 238
16611 	 2
17304 	 1
17467 	 2
18813 	 2
20033 	 2
20158 	 2
20234 	 2
20450 	 2
22320 	 2
23607 	 2
27181 	 2
28878 	 1
31427 	 1
32279 	 2
36332 	 1
36864 	 1
38896 	 2
41375 	 1
46107 	 1
46760 	 2
48672 	 2
51181 	 1
74332 	 1
80810 	 2
91991 	 1
151162 	 1
196546 	 2



File Size 	 Bytes Written
1 	 16
4 	 10
8 	 15
11 	 4
12 	 2
13 	 2
22 	 2
23 	 2
39 	 2
42 	 2
45 	 8
47 	 2
158 	 2
403 	 5
404 	 6
512 	 2
3117 	 9
3120 	 4
3358 	 2
4096 	 8
7282 	 2
8831 	 1
8833 	 2
8835 	 2
8836 	 1
8839 	 1
9002 	 1
9005 	 2
9007 	 5
9028 	 1
9030 	 6
9037 	 1
9039 	 1
9041 	 3
9043 	 2
9212 	 1
9410 	 2
9412 	 2
9611 	 1
14217 	 2
14807 	 2
16497 	 2
24621 	 1
32768 	 4
56932 	 2
61906 	 1
77151 	 2
120595 	 2
120620 	 2
262144 	 1
